0
43
40
1 2 3 4 5 6 7 8 9 10 12 13 14 15 16 17 18 19 20 21 22 23 24 25 26 27 28 29 30 31 32 33 34 35 36 37 38 39 40 41 
12
$ . 0 1 2 3 4 5 6 7 8 9 
43
-1 11
. -1 0 -1 1 -1 2 -1 3 -1 4 -1 5 -1 6 -1 7 -1 8 -1 9 -1 
0 11
. -1 0 1 1 2 2 3 3 4 4 5 5 6 6 7 7 8 8 9 9 10 
1 11
. 11 0 12 1 13 2 14 3 15 4 16 5 17 6 18 7 19 8 20 9 21 
2 11
. 11 0 12 1 13 2 14 3 15 4 16 5 17 6 18 7 19 8 20 9 21 
3 11
. 11 0 12 1 13 2 14 3 15 4 16 5 17 6 18 7 19 8 20 9 21 
4 11
. 11 0 12 1 13 2 14 3 15 4 16 5 17 6 18 7 19 8 20 9 21 
5 11
. 11 0 12 1 13 2 14 3 15 4 16 5 17 6 18 7 19 8 20 9 21 
6 11
. 11 0 12 1 13 2 14 3 15 4 16 5 17 6 18 7 19 8 20 9 21 
7 11
. 11 0 12 1 13 2 14 3 15 4 16 5 17 6 18 7 19 8 20 9 21 
8 11
. 11 0 12 1 13 2 14 3 15 4 16 5 17 6 18 7 19 8 20 9 21 
9 11
. 11 0 12 1 13 2 14 3 15 4 16 5 17 6 18 7 19 8 20 9 21 
10 11
. 11 0 12 1 13 2 14 3 15 4 16 5 17 6 18 7 19 8 20 9 21 
11 11
. -1 0 22 1 23 2 24 3 25 4 26 5 27 6 28 7 29 8 30 9 31 
12 11
. 11 0 12 1 13 2 14 3 15 4 16 5 17 6 18 7 19 8 20 9 21 
13 11
. 11 0 12 1 13 2 14 3 15 4 16 5 17 6 18 7 19 8 20 9 21 
14 11
. 11 0 12 1 13 2 14 3 15 4 16 5 17 6 18 7 19 8 20 9 21 
15 11
. 11 0 12 1 13 2 14 3 15 4 16 5 17 6 18 7 19 8 20 9 21 
16 11
. 11 0 12 1 13 2 14 3 15 4 16 5 17 6 18 7 19 8 20 9 21 
17 11
. 11 0 12 1 13 2 14 3 15 4 16 5 17 6 18 7 19 8 20 9 21 
18 11
. 11 0 12 1 13 2 14 3 15 4 16 5 17 6 18 7 19 8 20 9 21 
19 11
. 11 0 12 1 13 2 14 3 15 4 16 5 17 6 18 7 19 8 20 9 21 
20 11
. 11 0 12 1 13 2 14 3 15 4 16 5 17 6 18 7 19 8 20 9 21 
21 11
. 11 0 12 1 13 2 14 3 15 4 16 5 17 6 18 7 19 8 20 9 21 
22 11
. -1 0 32 1 33 2 34 3 35 4 36 5 37 6 38 7 39 8 40 9 41 
23 11
. -1 0 32 1 33 2 34 3 35 4 36 5 37 6 38 7 39 8 40 9 41 
24 11
. -1 0 32 1 33 2 34 3 35 4 36 5 37 6 38 7 39 8 40 9 41 
25 11
. -1 0 32 1 33 2 34 3 35 4 36 5 37 6 38 7 39 8 40 9 41 
26 11
. -1 0 32 1 33 2 34 3 35 4 36 5 37 6 38 7 39 8 40 9 41 
27 11
. -1 0 32 1 33 2 34 3 35 4 36 5 37 6 38 7 39 8 40 9 41 
28 11
. -1 0 32 1 33 2 34 3 35 4 36 5 37 6 38 7 39 8 40 9 41 
29 11
. -1 0 32 1 33 2 34 3 35 4 36 5 37 6 38 7 39 8 40 9 41 
30 11
. -1 0 32 1 33 2 34 3 35 4 36 5 37 6 38 7 39 8 40 9 41 
31 11
. -1 0 32 1 33 2 34 3 35 4 36 5 37 6 38 7 39 8 40 9 41 
32 11
. -1 0 32 1 33 2 34 3 35 4 36 5 37 6 38 7 39 8 40 9 41 
33 11
. -1 0 32 1 33 2 34 3 35 4 36 5 37 6 38 7 39 8 40 9 41 
34 11
. -1 0 32 1 33 2 34 3 35 4 36 5 37 6 38 7 39 8 40 9 41 
35 11
. -1 0 32 1 33 2 34 3 35 4 36 5 37 6 38 7 39 8 40 9 41 
36 11
. -1 0 32 1 33 2 34 3 35 4 36 5 37 6 38 7 39 8 40 9 41 
37 11
. -1 0 32 1 33 2 34 3 35 4 36 5 37 6 38 7 39 8 40 9 41 
38 11
. -1 0 32 1 33 2 34 3 35 4 36 5 37 6 38 7 39 8 40 9 41 
39 11
. -1 0 32 1 33 2 34 3 35 4 36 5 37 6 38 7 39 8 40 9 41 
40 11
. -1 0 32 1 33 2 34 3 35 4 36 5 37 6 38 7 39 8 40 9 41 
41 11
. -1 0 32 1 33 2 34 3 35 4 36 5 37 6 38 7 39 8 40 9 41 
